1642,6
1642,5
1642,4
1642,3
1642,2
1642,1
1642,0
1641,5
1641,4
1641,3
1641,2
1641,1
1641,0
1640,4
1640,3
1640,2
1640,1
1640,0
1639,3
1639,2
1639,1
1639,0
1638,6
1638,5
1638,4
1638,3
1638,2
1638,1
1638,0
1637,5
1637,4
1637,3
1637,2
1637,1
1637,0
0,553
1636,4
1636,3
1636,2
1636,1
1636,0
1635,3
1635,2
1635,1
1635,0
1634,6
1634,5
1634,4
1634,3
1634,2
1634,1
1634,0
1633,5
1633,4
1633,3
1633,2
1633,1
1633,0
1632,4
1632,3
1632,2
1632,1
1632,0
1631,3
1631,2
1631,1
1631,0
0,550
1630,3
1630,2
1630,1
1630,0
1629,3
1629,2
1629,1
1629,0
1628,3
1628,2
1628,1
1628,0
1627,3
1627,2
1627,1
1627,0
1626,3
1626,2
1626,1
1626,0
1625,3
1625,2
1625,1
1625,0
1624,3
1624,2
1624,1
1624,0
1623,3
1623,2
1623,1
1623,0
1622,3
1622,2
1622,1
1622,0
0,543
1621,4
1621,3
1621,2
1621,1
1621,0
1620,4
1620,3
1620,2
1620,1
1620,0
1619,3
1619,2
1619,1
1619,0
1618,6
1618,5
0,539
1618,4
1618,3
1618,2
1618,1
1618,0
1617,5
1617,4
1617,3
1617,2
1617,1
1617,0
1616,4
1616,3
1616,2
1616,1
1616,0
1615,3
1615,2
1615,1
1615,0
1614,6
1614,5
1614,4
1614,3
1614,2
1614,1
1614,0
1613,5
1613,4
1613,3
1613,2
1613,1
1613,0
1612,4
1612,3
1612,2
1612,1
1612,0
1611,3
1611,2
1611,1
1611,0
1610,6
0,536
1610,5
1610,4
1610,3
1610,2
1610,1
1610,0
1609,5
1609,4
1609,3
1609,2
1609,1
1609,0
1608,4
1608,3
1608,2
1608,1
1608,0
1607,3
1607,2
1607,1
1607,0
1606,3
1606,2
1606,1
1606,0
1605,3
1605,2
1605,1
1605,0
1604,3
1604,2
0,531
1604,1
1604,0
